0
2
4
6
12
14
24
26
40
42
60
62
84
86
112
114
144
146
180
182
220
222
264
266
312
314
364
366
420
422
480
482
544
546
612
614
684
686
760
762
3
5
7
13
15
25
27
41
43
61
63
85
87
113
115
145
147
181
183
221
223
265
267
313
315
365
367
421
423
481
483
545
547
613
615
685
687
761
763
8
10
16
18
28
30
44
46
64
66
88
90
116
118
148
150
184
186
224
226
268
270
316
318
368
370
424
426
484
486
548
550
616
618
688
690
764
766
11
17
19
29
31
45
47
65
67
89
91
117
119
149
151
185
187
225
227
269
271
317
319
369
371
425
427
485
487
549
551
617
619
689
691
765
767
20
22
32
34
48
50
68
70
92
94
120
122
152
154
188
190
228
230
272
274
320
322
372
374
428
430
488
490
552
554
620
622
692
694
768
770
23
33
35
49
51
69
71
93
95
121
123
153
155
189
191
229
231
273
275
321
323
373
375
429
431
489
491
553
555
621
623
693
695
769
771
36
38
52
54
72
74
96
98
124
126
156
158
192
194
232
234
276
278
324
326
376
378
432
434
492
494
556
558
624
626
696
698
772
774
39
53
55
73
75
97
99
125
127
157
159
193
195
233
235
277
279
325
327
377
379
433
435
493
495
557
559
625
627
697
699
773
775
56
58
76
78
100
102
128
130
160
162
196
198
236
238
280
282
328
330
380
382
436
438
496
498
560
562
628
630
700
702
776
778
59
77
79
101
103
129
131
161
163
197
199
237
239
281
283
329
331
381
383
437
439
497
499
561
563
629
631
701
703
777
779
80
82
104
106
132
134
164
166
200
202
240
242
284
286
332
334
384
386
440
442
500
502
564
566
632
634
704
706
780
782
83
105
107
133
135
165
167
201
203
241
243
285
287
333
335
385
387
441
443
501
503
565
567
633
635
705
707
781
783
108
110
136
138
168
170
204
206
244
246
288
290
336
338
388
390
444
446
504
506
568
570
636
638
708
710
784
786
111
137
139
169
171
205
207
245
247
289
291
337
339
389
391
445
447
505
507
569
571
637
639
709
711
785
787
140
142
172
174
208
210
248
250
292
294
340
342
392
394
448
450
508
510
572
574
640
642
712
714
788
790
143
173
175
209
211
249
251
293
295
341
343
393
395
449
451
509
511
573
575
641
643
713
715
789
791
176
178
212
214
252
254
296
298
344
346
396
398
452
454
512
514
576
578
644
646
716
718
792
794
179
213
215
253
255
297
299
345
347
397
399
453
455
513
515
577
579
645
647
717
719
793
795
216
218
256
258
300
302
348
350
400
402
456
458
516
518
580
582
648
650
720
722
796
798
219
257
259
301
303
349
351
401
403
457
459
517
519
581
583
649
651
721
723
797
799
260
262
304
306
352
354
404
406
460
462
520
522
584
586
652
654
724
726
800
802
263
305
307
353
355
405
407
461
463
521
523
585
587
653
655
725
727
801
803
308
310
356
358
408
410
464
466
524
526
588
590
656
658
728
730
804
806
311
357
359
409
411
465
467
525
527
589
591
657
659
729
731
805
807
360
362
412
414
468
470
528
530
592
594
660
662
732
734
808
810
363
413
415
469
471
529
531
593
595
661
663
733
735
809
811
416
418
472
474
532
534
596
598
664
666
736
738
812
814
419
473
475
533
535
597
599
665
667
737
739
813
815
476
478
536
538
600
602
668
670
740
742
816
818
479
537
539
601
603
669
671
741
743
817
819
540
542
604
606
672
674
744
746
820
822
543
605
607
673
675
745
747
821
823
608
610
676
678
748
750
824
826
611
677
679
749
751
825
827
680
682
752
754
828
830
683
753
755
829
831
756
758
832
834
759
833
835
836
838
839
